           4
          36
    290.0000000
    291.0000000
    292.0000000
    293.0000000
    294.0000000
    295.0000000
    296.0000000
    297.0000000
    298.0000000
    299.0000000
    300.0000000
    301.0000000
    302.0000000
    303.0000000
    304.0000000
    305.0000000
    306.0000000
    307.0000000
    308.0000000
    309.0000000
    310.0000000
    311.0000000
    312.0000000
    313.0000000
    314.0000000
    315.0000000
    316.0000000
    317.0000000
    318.0000000
    319.0000000
    320.0000000
    321.0000000
    322.0000000
    323.0000000
    324.0000000
    325.0000000
           6
    380.0000000
    381.0000000
    382.0000000
    383.0000000
    384.0000000
    385.0000000
           6
    598.0000000
    599.0000000
    600.0000000
    601.0000000
    602.0000000
    603.0000000
          15
    758.0000000
    759.0000000
    760.0000000
    761.0000000
    762.0000000
    763.0000000
    764.0000000
    765.0000000
    766.0000000
    767.0000000
    768.0000000
    769.0000000
    770.0000000
    771.0000000
    772.0000000
