           4
          18
    290.0000000
    292.0000000
    294.0000000
    296.0000000
    298.0000000
    300.0000000
    302.0000000
    304.0000000
    306.0000000
    308.0000000
    310.0000000
    312.0000000
    314.0000000
    316.0000000
    318.0000000
    320.0000000
    322.0000000
    324.0000000
           3
    380.0000000
    382.0000000
    384.0000000
           3
    598.0000000
    600.0000000
    602.0000000
          8
    758.0000000
    760.0000000
    762.0000000
    764.0000000
    766.0000000
    768.0000000
    770.0000000
    772.0000000
